            ghosts                   pdlib/parmetis ghosts
nThreads min max mean runtime        min   max   mean
2   2824 2862 2843    1.10053 sec   1200  1292  1246.0
4   1800 2640 2334.25 1.09496 sec   1016  1616  1368.0
8   1109 3510 2282.62 1.08513 sec    746  1760  1223.0
16  1019 2651 1760.75 1.10224 sec    605  1787  1076.375
32   900 2125 1446.62 1.10929 sec    401  1279  827.343750
64   520 2004 1060.14 1.1286 sec     271  825   586.453125
128  507 1457 785.812 1.15204 sec    242  681   445.781250 
1024 151 1057 317.413 1.29184 sec
8196  35  889 127.689 1.64688 sec
32784 11  533 70.4163 2.18481 sec
65568  8  373 52.2802 2.61937 sec

